24.650000
24.550000
24.600000
24.700000
24.600000
24.650000
24.400000
24.150000
24.100000
23.950000
23.850000
23.650000
23.350000
23.100000
22.750000
22.750000
22.600000
22.400000
22.300000
22.000000
22.000000
21.950000
21.900000
21.900000
21.650000
21.550000
21.550000
21.400000
21.450000
21.550000
21.350000
21.400000
21.400000
21.450000
21.100000
21.100000
21.150000
21.100000
20.800000
20.900000
20.850000
20.700000
20.500000
20.500000
20.100000
19.950000
19.850000
19.850000
19.400000
19.200000
19.150000
18.850000
18.700000
18.650000
18.450000
18.500000
18.450000
18.300000
18.200000
18.200000
18.200000
18.050000
18.150000
18.050000
18.100000
18.100000
18.100000
18.000000
17.700000
17.700000
17.550000
17.650000
17.650000
17.600000
17.700000
17.650000
17.500000
17.500000
17.450000
17.500000
17.450000
17.500000
17.550000
17.600000
17.200000
17.100000
16.900000
16.900000
16.650000
16.600000
16.550000
16.450000
16.400000
16.350000
16.300000
16.300000
16.200000
16.200000
16.150000
15.950000
15.900000
16.050000
15.800000
15.800000
15.900000
15.800000
15.650000
15.500000
15.550000
15.500000
15.550000
15.350000
15.250000
15.200000
15.200000
14.950000
14.950000
14.800000
14.800000
14.850000
14.700000
14.700000
14.650000
14.750000
14.650000
14.500000
14.450000
14.400000
14.300000
14.200000
14.250000
14.200000
14.300000
14.300000
14.300000
14.300000
14.200000
14.250000
14.350000
14.250000
14.300000
14.300000
14.350000
14.450000
14.450000
14.300000
14.300000
14.400000
14.400000
14.500000
14.400000
14.350000
14.450000
14.600000
14.300000
14.450000
14.500000
14.650000
14.650000
14.750000
14.750000
14.750000
14.700000
14.800000
14.950000
14.850000
14.800000
14.800000
14.700000
14.750000
14.650000
14.950000
14.850000
14.750000
14.550000
14.700000
14.800000
14.650000
14.600000
14.600000
14.650000
14.550000
14.500000
14.700000
14.550000
14.550000
14.650000
14.600000
14.650000
14.600000
14.550000
14.500000
14.350000
14.300000
14.300000
14.200000
14.150000
14.200000
14.100000
14.100000
14.150000
14.050000
14.050000
13.750000
13.850000
13.900000
13.950000
14.050000
14.050000
13.950000
13.750000
13.850000
13.650000
13.600000
13.550000
13.550000
13.500000
13.350000
13.350000
13.300000
13.200000
12.900000
12.900000
12.900000
12.950000
12.850000
12.950000
12.900000
12.950000
12.750000
12.800000
12.750000
12.800000
12.750000
12.750000
12.550000
12.300000
12.300000
12.200000
12.100000
11.850000
11.950000
12.050000
12.000000
12.050000
12.050000
12.150000
12.150000
12.100000
12.050000
12.050000
11.900000
11.850000
11.900000
11.950000
11.950000
11.950000
11.750000
11.750000
11.750000
11.700000
11.700000
11.600000
11.550000
11.500000
11.450000
11.400000
11.400000
11.400000
11.300000
11.300000
11.150000
11.050000
11.000000
11.050000
11.000000
10.900000
11.000000
10.850000
10.950000
11.100000
11.050000
11.100000
11.000000
11.050000
11.000000
11.100000
11.150000
11.150000
11.150000
11.050000
11.050000
10.900000
10.900000
10.900000
10.950000
10.850000
10.850000
10.800000
10.900000
10.850000
10.950000
11.000000
11.000000
10.900000
10.800000
10.750000
10.600000
10.600000
10.500000
10.450000
10.400000
10.400000
10.400000
10.500000
10.500000
10.500000
10.600000
10.550000
10.600000
10.650000
10.550000
10.450000
10.450000
10.500000
10.400000
10.350000
10.400000
10.250000
10.200000
10.150000
10.000000
10.000000
9.850000
9.950000
9.950000
9.900000
9.950000
9.950000
9.900000
9.850000
9.750000
9.800000
9.850000
9.950000
9.950000
9.900000
9.900000
9.900000
10.000000
9.800000
9.800000
9.650000
9.700000
9.600000
9.500000
9.350000
9.250000
9.300000
9.200000
9.250000
9.250000
9.300000
9.200000
9.250000
9.350000
9.450000
9.500000
9.550000
9.550000
9.450000
9.500000
9.450000
9.500000
9.550000
9.400000
9.350000
9.150000
9.200000
9.150000
9.250000
9.200000
9.100000
9.050000
9.100000
8.900000
8.850000
8.850000
8.850000
8.850000
8.850000
8.850000
8.900000
8.950000
8.950000
8.950000
8.900000
8.850000
8.850000
8.850000
8.750000
8.800000
8.700000
8.700000
8.550000
8.600000
8.600000
8.650000
8.650000
8.700000
8.550000
8.600000
8.550000
8.500000
8.600000
8.600000
8.550000
8.500000
8.350000
8.400000
8.450000
8.600000
8.450000
8.450000
8.500000
8.500000
8.550000
8.600000
8.500000
8.250000
8.200000
8.150000
8.200000
8.300000
8.300000
8.200000
8.300000
8.250000
8.300000
8.200000
8.200000
8.150000
8.100000
8.050000
8.050000
8.150000
8.050000
8.000000
7.950000
8.100000
8.100000
8.050000
8.050000
8.000000
7.900000
7.900000
7.850000
7.750000
7.700000
7.800000
7.850000
7.800000
7.750000
7.850000
7.850000
7.850000
7.750000
7.850000
7.900000
7.900000
7.950000
7.850000
7.800000
7.850000
7.850000
7.900000
7.950000
7.750000
7.750000
7.750000
7.650000
7.600000
7.850000
7.750000
7.700000
7.650000
7.700000
7.650000
7.650000
7.650000
7.800000
7.850000
7.900000
7.800000
7.800000
7.900000
7.850000
7.700000
7.650000
7.400000
7.250000
7.350000
7.150000
7.100000
7.150000
7.150000
7.250000
7.150000
7.200000
7.000000
7.050000
7.050000
7.050000
7.050000
6.950000
6.950000
6.850000
6.750000
6.800000
6.750000
6.600000
6.400000
6.450000
6.400000
6.350000
6.350000
6.500000
6.450000
6.500000
6.400000
6.450000
6.450000
6.600000
6.650000
6.500000
6.500000
6.550000
6.600000
6.650000
6.650000
6.500000
6.400000
6.400000
6.450000
6.400000
6.500000
6.400000
6.450000
6.450000
6.450000
6.350000
6.350000
6.350000
6.400000
6.400000
6.350000
6.350000
6.250000
6.250000
6.200000
6.150000
6.200000
6.200000
6.250000
6.250000
6.250000
6.150000
6.200000
6.100000
6.050000
6.000000
6.100000
6.000000
5.850000
5.800000
5.750000
5.850000
5.850000
5.900000
5.900000
5.850000
5.800000
5.750000
5.750000
5.800000
5.750000
5.800000
5.900000
5.850000
5.800000
5.750000
5.750000
5.750000
5.700000
5.750000
5.800000
5.850000
5.750000
5.700000
5.600000
5.650000
5.650000
5.750000
5.750000
5.750000
5.750000
5.750000
5.850000
5.800000
5.750000
5.750000
5.750000
5.850000
5.800000
5.800000
5.850000
5.750000
5.700000
5.750000
5.600000
5.550000
5.650000
5.650000
5.650000
5.650000
5.650000
5.650000
5.650000
5.600000
5.600000
5.500000
5.500000
5.500000
5.500000
5.450000
5.450000
5.350000
5.350000
5.350000
5.400000
5.450000
5.450000
5.500000
5.550000
5.550000
5.600000
5.600000
5.500000
5.350000
5.350000
5.400000
5.400000
5.350000
5.400000
5.350000
5.400000
5.450000
5.400000
5.350000
5.400000
5.250000
5.200000
5.050000
5.000000
5.000000
4.850000
4.800000
4.800000
4.800000
4.800000
4.750000
4.750000
4.750000
4.650000
4.650000
4.650000
4.600000
4.650000
4.650000
4.600000
4.550000
4.550000
4.500000
4.500000
4.550000
4.500000
4.500000
4.550000
4.500000
4.500000
4.400000
4.400000
4.350000
4.400000
4.400000
4.400000
4.300000
4.400000
4.400000
4.350000
4.350000
4.350000
4.350000
4.350000
4.400000
4.400000
4.350000
4.350000
4.450000
4.500000
4.500000
4.600000
4.550000
4.550000
4.550000
4.550000
4.550000
4.550000
4.550000
4.550000
4.450000
4.450000
4.550000
4.600000
4.700000
4.700000
4.650000
4.650000
4.650000
4.600000
4.650000
4.600000
4.500000
4.500000
4.500000
4.500000
4.500000
4.500000
4.400000
4.450000
4.500000
4.500000
4.550000
4.600000
4.600000
4.600000
4.650000
4.650000
4.650000
4.650000
4.600000
4.600000
4.600000
4.550000
4.500000
4.450000
4.450000
4.400000
4.350000
4.350000
4.350000
4.400000
4.400000
4.350000
4.400000
4.400000
4.350000
4.300000
4.300000
4.300000
4.300000
4.250000
4.300000
4.250000
4.250000
4.250000
4.250000
4.300000
4.300000
4.300000
4.300000
4.200000
4.200000
4.250000
4.400000
4.400000
4.400000
4.450000
4.400000
4.350000
4.350000
4.300000
4.300000
4.300000
4.350000
4.350000
4.300000
4.300000
4.400000
4.400000
4.300000
4.300000
4.300000
4.300000
4.200000
4.200000
4.250000
4.250000
4.250000
4.200000
4.150000
4.100000
4.050000
4.050000
4.050000
4.050000
4.050000
4.150000
4.200000
4.250000
4.250000
4.200000
4.200000
4.200000
4.250000
4.250000
4.250000
4.300000
4.300000
4.300000
4.300000
4.250000
4.300000
4.250000
4.300000
4.350000
4.350000
4.350000
4.350000
4.350000
4.300000
4.300000
4.300000
4.300000
4.350000
4.400000
4.400000
4.350000
4.350000
4.350000
4.400000
4.350000
4.400000
4.300000
4.400000
4.400000
4.400000
4.400000
4.350000
4.350000
4.300000
4.250000
4.300000
4.300000
4.300000
4.250000
4.150000
4.150000
4.100000
4.100000
4.100000
4.050000
4.100000
4.100000
4.100000
4.150000
4.150000
4.150000
4.100000
4.150000
4.100000
4.100000
4.050000
4.050000
4.150000
4.150000
4.150000
4.200000
4.200000
4.200000
4.200000
4.200000
4.150000
4.050000
4.100000
4.050000
3.950000
3.900000
3.900000
4.000000
4.000000
4.050000
4.000000
4.000000
3.950000
3.950000
3.950000
4.000000
4.000000
3.950000
3.950000
3.800000
3.800000
3.800000
3.850000
3.850000
3.850000
3.850000
3.850000
3.850000
3.850000
3.750000
3.700000
3.800000
3.600000
3.600000
3.650000
3.700000
3.650000
3.600000
3.750000
3.700000
3.650000
3.650000
3.650000
3.650000
3.650000
3.650000
3.700000
3.700000
3.700000
3.600000
3.650000
3.600000
3.550000
3.500000
3.450000
3.450000
3.450000
3.450000
3.450000
3.450000
3.400000
3.400000
3.400000
3.350000
3.400000
3.400000
3.400000
3.400000
3.400000
3.350000
3.350000
3.350000
3.350000
3.350000
3.350000
3.300000
3.300000
3.250000
3.250000
3.350000
3.350000
3.300000
3.300000
3.300000
3.250000
3.250000
3.250000
3.200000
3.200000
3.150000
3.150000
3.150000
3.200000
3.100000
3.150000
3.150000
3.200000
3.150000
3.200000
3.200000
3.200000
3.150000
3.100000
3.150000
3.150000
3.150000
3.100000
3.000000
3.000000
3.000000
2.950000
2.900000
2.900000
2.950000
2.950000
3.000000
3.000000
3.000000
3.000000
3.050000
3.100000
3.100000
3.150000
3.200000
3.200000
3.200000
3.200000
3.200000
3.200000
3.300000
3.350000
3.300000
3.300000
3.200000
3.200000
3.200000
3.250000
3.250000
3.300000
3.300000
3.300000
3.300000
3.250000
3.250000
3.150000
3.100000
3.050000
3.050000
3.000000
3.000000
3.000000
3.000000
3.050000
3.050000
3.100000
3.150000
3.150000
3.200000
3.150000
3.100000
3.100000
3.050000
3.050000
3.000000
3.000000
3.000000
3.000000
3.000000
2.950000
2.950000
2.950000
2.950000
2.950000
2.950000
2.950000
2.900000
2.900000
2.900000
2.900000
2.900000
2.950000
2.950000
2.850000
2.850000
2.800000
2.850000
2.850000
2.850000
2.900000
2.950000
2.950000
2.950000
2.950000
2.900000
2.850000
2.850000
2.900000
2.900000
2.800000
2.800000
2.800000
2.750000
2.750000
2.700000
2.700000
2.700000
2.750000
2.750000
2.750000
2.750000
2.750000
2.700000
2.650000
2.650000
2.650000
2.650000
2.700000
2.650000
2.650000
2.700000
2.650000
2.650000
2.700000
2.700000
2.800000
2.900000
2.900000
2.900000
2.900000
2.750000
2.750000
2.750000
2.700000
2.700000
2.700000
2.650000
2.600000
2.600000
2.600000
2.500000
2.500000
2.500000
2.550000
2.550000
2.550000
2.550000
2.550000
2.550000
2.550000
2.550000
2.550000
2.550000
2.550000
2.550000
2.600000
2.550000
2.500000
2.500000
2.550000
2.500000
2.500000
2.550000
2.600000
2.650000
2.650000
2.650000
2.650000
2.650000
2.650000
2.650000
2.700000
2.650000
2.650000
2.650000
2.650000
2.750000
2.750000
2.700000
2.700000
2.700000
2.750000
2.750000
2.750000
2.750000
2.800000
2.800000
2.750000
2.750000
2.750000
2.750000
2.750000
2.700000
2.700000
2.650000
2.700000
2.700000
2.650000
2.600000
2.600000
2.650000
2.700000
2.700000
2.700000
2.700000
2.700000
2.700000
2.700000
2.700000
2.600000
2.600000
2.550000
2.550000
2.500000
2.500000
2.500000
2.500000
2.500000
2.500000
2.500000
2.450000
2.450000
2.400000
2.350000
2.350000
2.350000
2.350000
2.400000
2.400000
2.500000
2.500000
2.500000
2.550000
2.500000
2.500000
2.550000
2.550000
2.500000
2.500000
2.450000
2.400000
2.400000
2.400000
2.400000
2.450000
2.400000
2.350000
2.400000
2.400000
2.450000
2.450000
2.450000
2.500000
2.500000
2.500000
2.500000
2.450000
2.550000
2.550000
2.550000
2.500000
2.500000
2.450000
2.450000
2.450000
2.500000
2.450000
2.450000
2.450000
2.450000
2.450000
2.450000
2.500000
2.450000
2.450000
2.400000
2.350000
2.350000
2.300000
2.300000
2.300000
2.300000
2.300000
2.350000
2.300000
2.250000
2.200000
2.200000
2.200000
2.200000
2.200000
2.250000
2.250000
2.250000
2.250000
2.250000
2.250000
2.250000
2.250000
2.200000
2.150000
2.150000
2.150000
2.050000
2.050000
2.050000
2.050000
2.000000
2.000000
2.000000
2.000000
2.050000
2.050000
2.050000
2.000000
2.000000
2.000000
1.950000
1.950000
1.950000
1.950000
1.950000
1.900000
1.900000
1.900000
1.950000
2.000000
2.000000
2.000000
2.000000
2.050000
2.050000
2.100000
2.100000
2.100000
2.100000
2.050000
2.050000
2.050000
2.050000
2.050000
2.000000
1.950000
2.000000
2.000000
2.000000
2.000000
2.000000
2.000000
2.000000
1.950000
1.950000
1.950000
1.950000
1.950000
1.950000
2.000000
2.100000
2.150000
2.150000
2.150000
2.250000
2.250000
2.250000
2.250000
2.250000
2.300000
2.250000
2.250000
2.200000
2.200000
2.200000
2.150000
2.100000
2.100000
2.150000
2.150000
2.150000
2.100000
2.150000
2.150000
2.150000
2.150000
2.200000
2.200000
2.250000
2.250000
2.250000
2.250000
2.250000
2.200000
2.150000
2.150000
2.150000
2.150000
2.150000
2.100000
2.100000
2.100000
2.100000
2.050000
2.050000
2.050000
2.050000
2.050000
2.050000
2.050000
2.100000
2.100000
2.100000
2.100000
2.100000
2.200000
2.200000
2.100000
2.100000
2.100000
2.150000
2.150000
2.150000
2.150000
2.150000
2.150000
2.150000
2.150000
2.150000
2.200000
2.200000
2.200000
2.200000
2.200000
2.200000
2.200000
2.200000
2.200000
2.200000
2.200000
2.200000
2.200000
2.200000
2.200000
2.150000
2.150000
2.200000
2.200000
2.100000
2.050000
2.050000
2.050000
2.100000
2.050000
2.050000
2.050000
2.050000
2.100000
2.050000
2.000000
2.000000
2.000000
2.000000
2.000000
2.050000
2.050000
2.050000
2.050000
2.100000
2.000000
2.000000
2.000000
2.000000
1.950000
1.950000
1.950000
1.950000
1.950000
1.950000
1.950000
1.950000
1.950000
1.950000
1.950000
1.900000
1.850000
1.850000
1.850000
1.850000
1.850000
1.850000
1.850000
1.850000
1.850000
1.900000
1.900000
1.900000
1.900000
1.900000
1.850000
1.850000
1.850000
1.850000
1.850000
1.850000
1.850000
1.850000
1.900000
1.900000
1.950000
1.950000
1.950000
1.950000
1.950000
1.900000
1.950000
2.050000
2.050000
2.100000
2.100000
2.150000
2.150000
2.150000
2.100000
2.150000
2.150000
2.150000
2.150000
2.150000
2.150000
2.150000
2.150000
2.150000
2.150000
2.100000
2.100000
2.100000
2.100000
2.100000
2.100000
2.050000
2.050000
2.100000
2.100000
2.100000
2.100000
2.100000
2.100000
2.100000
2.100000
2.100000
2.100000
2.100000
2.150000
2.150000
2.200000
2.150000
2.200000
2.150000
2.100000
2.100000
2.050000
2.050000
2.050000
2.050000
2.050000
2.000000
1.950000
2.000000
2.000000
2.000000
1.950000
2.000000
2.050000
2.100000
2.100000
2.100000
2.100000
2.100000
2.050000
2.050000
2.050000
2.050000
2.050000
2.050000
2.100000
2.100000
2.100000
2.100000
2.100000
2.100000
2.100000
2.050000
2.000000
2.000000
2.000000
2.050000
2.050000
2.050000
2.050000
2.050000
2.050000
2.050000
2.050000
2.050000
2.050000
2.050000
2.050000
2.050000
2.000000
2.000000
2.000000
2.050000
2.100000
2.100000
2.100000
2.100000
2.100000
2.100000
2.100000
2.100000
2.050000
2.050000
2.050000
1.950000
1.950000
2.000000
2.050000
2.050000
2.050000
2.100000
2.100000
2.100000
2.100000
2.150000
2.150000
2.050000
2.050000
2.050000
2.050000
2.000000
2.000000
2.050000
2.050000
2.050000
2.050000
2.050000
2.050000
2.100000
2.150000
2.100000
2.100000
2.100000
2.100000
2.050000
2.050000
2.050000
1.950000
1.950000
1.950000
1.950000
2.000000
2.000000
2.000000
2.000000
2.000000
2.000000
1.950000
1.950000
1.900000
1.900000
1.900000
1.900000
1.900000
1.900000
1.900000
1.950000
1.950000
1.950000
2.000000
2.000000
2.050000
2.000000
2.000000
2.050000
2.050000
2.050000
2.050000
2.000000
2.000000
2.000000
2.000000
2.000000
2.000000
2.000000
2.000000
2.050000
2.050000
2.050000
2.050000
2.050000
2.050000
2.100000
2.100000
2.100000
2.100000
2.100000
2.050000
2.050000
2.050000
2.050000
2.050000
2.000000
2.000000
2.000000
2.000000
2.000000
2.000000
2.000000
2.000000
2.000000
2.000000
2.000000
2.000000
2.000000
1.900000
1.900000
1.900000
1.900000
1.950000
1.900000
1.900000
1.900000
1.900000
1.900000
1.900000
1.900000
1.900000
1.900000
1.900000
1.850000
1.850000
1.850000
1.850000
1.850000
1.900000
1.950000
1.950000
1.950000
1.950000
1.950000
1.950000
1.950000
1.950000
1.950000
1.950000
1.950000
1.950000
1.950000
1.900000
1.900000
1.850000
1.850000
1.850000
1.850000
1.850000
1.900000
1.850000
1.850000
1.850000
1.850000
1.850000
1.850000
1.850000
1.850000
1.800000
1.750000
1.750000
1.750000
1.750000
1.800000
1.800000
1.850000
1.850000
1.850000
1.850000
1.900000
1.900000
1.850000
1.900000
1.900000
1.900000
1.900000
1.900000
1.900000
1.900000
1.900000
1.900000
1.900000
1.900000
1.900000
1.900000
1.900000
1.900000
1.900000
1.900000
1.900000
1.900000
1.900000
1.900000
1.900000
1.900000
1.900000
1.900000
1.900000
1.900000
1.950000
1.950000
1.950000
2.000000
2.000000
2.000000
2.000000
2.000000
2.050000
2.050000
2.050000
2.050000
2.050000
2.050000
2.050000
2.050000
2.050000
2.050000
2.050000
2.050000
2.050000
2.050000
2.100000
2.100000
2.100000
2.100000
2.050000
2.000000
2.000000
2.000000
2.000000
2.000000
2.000000
2.000000
1.950000
1.950000
1.950000
1.950000
1.950000
1.950000
1.950000
1.950000
1.950000
1.950000
1.950000
1.950000
1.950000
1.950000
2.000000
2.000000
2.000000
2.050000
2.050000
2.050000
2.050000
2.050000
2.050000
2.100000
2.100000
2.100000
2.100000
2.050000
2.050000
2.000000
2.000000
2.000000
2.000000
1.950000
1.950000
1.950000
1.950000
2.000000
2.050000
2.050000
2.000000
2.000000
2.000000
2.000000
2.000000
2.000000
2.000000
1.950000
1.950000
1.950000
1.950000
1.950000
1.950000
1.900000
1.900000
1.850000
1.800000
1.800000
1.850000
1.850000
1.800000
1.850000
1.850000
1.900000
1.900000
1.900000
1.850000
1.850000
1.850000
1.850000
1.850000
1.800000
1.800000
1.800000
1.800000
1.800000
1.800000
1.850000
1.800000
1.800000
1.850000
1.800000
1.800000
1.800000
1.800000
1.800000
1.800000
1.850000
1.850000
1.850000
1.850000
1.850000
1.850000
1.850000
1.800000
1.800000
1.800000
1.800000
1.750000
1.750000
1.750000
1.750000
1.800000
1.800000
1.750000
1.750000
1.750000
1.750000
1.700000
1.750000
1.800000
1.800000
1.800000
1.750000
1.750000
1.750000
1.750000
1.750000
1.750000
1.750000
1.700000
1.700000
1.700000
1.700000
1.700000
1.700000
1.700000
1.700000
1.700000
1.700000
1.750000
1.750000
1.750000
1.750000
1.750000
1.750000
1.750000
1.750000
1.750000
1.750000
1.750000
1.800000
1.800000
1.800000
1.800000
1.800000
1.800000
1.800000
1.800000
1.800000
1.800000
1.800000
1.800000
1.800000
1.850000
1.850000
1.850000
1.850000
1.850000
1.850000
1.850000
1.850000
1.800000
1.800000
1.850000
1.800000
1.850000
1.850000
1.850000
1.800000
1.800000
1.800000
1.800000
1.800000
1.800000
1.800000
1.800000
1.800000
1.800000
1.800000
1.800000
1.750000
1.700000
1.700000
1.700000
1.700000
1.700000
1.650000
1.700000
1.700000
1.750000
1.750000
1.750000
1.700000
1.700000
1.700000
1.700000
1.750000
1.750000
1.750000
1.750000
1.750000
1.750000
1.750000
1.750000
1.750000
1.850000
1.850000
1.850000
1.850000
1.850000
1.850000
1.850000
1.850000
1.850000
1.900000
1.900000
1.850000
1.850000
1.850000
1.850000
1.900000
1.900000
1.950000
1.950000
1.950000
1.950000
1.950000
1.950000
1.950000
1.950000
1.950000
1.950000
1.950000
1.950000
2.000000
2.000000
2.000000
2.000000
2.000000
2.000000
2.000000
2.000000
2.000000
2.000000
2.000000
2.000000
2.000000
2.000000
2.000000
2.000000
2.000000
2.000000
2.000000
2.000000
2.000000
2.000000
2.000000
1.950000
1.900000
1.900000
1.900000
1.900000
1.900000
1.900000
1.900000
1.900000
1.900000
1.950000
1.950000
1.950000
1.950000
1.950000
1.950000
1.950000
1.950000
1.950000
1.950000
2.000000
1.950000
1.950000
1.950000
1.900000
1.850000
1.850000
1.850000
1.850000
1.850000
1.850000
1.850000
1.850000
1.850000
1.850000
1.850000
1.850000
1.850000
1.850000
1.850000
1.850000
1.850000
1.800000
1.800000
1.800000
1.800000
1.800000
1.800000
1.800000
1.800000
1.800000
1.750000
1.750000
1.800000
1.800000
1.800000
1.800000
1.800000
1.800000
1.800000
1.800000
1.850000
1.850000
1.850000
1.850000
1.850000
1.850000
1.850000
1.850000
1.850000
1.900000
1.900000
1.900000
1.900000
1.900000
1.950000
1.950000
1.950000
1.950000
1.950000
1.950000
1.950000
1.950000
1.850000
1.850000
1.850000
1.850000
1.800000
1.800000
1.800000
1.800000
1.800000
1.800000
1.800000
1.800000
1.750000
1.750000
1.750000
1.750000
1.800000
1.800000
1.800000
1.800000
1.800000
1.800000
1.800000
1.800000
1.800000
1.800000
1.750000
1.750000
1.650000
1.650000
1.650000
1.650000
1.650000
1.650000
1.650000
1.700000
1.650000
1.650000
1.650000
1.650000
1.700000
1.700000
1.700000
1.700000
1.700000
1.750000
1.750000
1.750000
1.750000
1.750000
1.750000
1.750000
1.750000
1.750000
1.750000
1.750000
1.750000
1.800000
1.800000
1.800000
1.800000
1.800000
1.800000
1.800000
1.800000
1.750000
1.800000
1.800000
1.800000
1.800000
1.800000
1.800000
1.800000
1.850000
1.850000
1.850000
1.900000
1.900000
1.850000
1.850000
1.850000
1.850000
1.850000
1.850000
1.850000
1.850000
1.850000
1.850000
1.850000
1.850000
1.850000
1.850000
1.850000
1.850000
1.850000
1.850000
1.850000
1.900000
1.900000
1.950000
1.950000
1.950000
1.950000
1.950000
1.950000
1.950000
1.950000
1.950000
1.950000
1.950000
1.950000
1.950000
1.950000
1.950000
1.950000
1.950000
1.950000
1.950000
1.950000
1.950000
1.950000
1.950000
1.950000
1.950000
1.950000
1.950000
1.950000
1.950000
1.950000
2.000000
2.000000
2.000000
2.000000
2.000000
2.000000
2.000000
2.050000
2.050000
2.050000
2.050000
2.050000
2.050000
2.000000
1.950000
1.950000
1.950000
1.950000
1.950000
1.950000
1.950000
1.950000
1.950000
1.900000
1.900000
1.900000
1.900000
1.950000
1.950000
1.900000
1.900000
1.900000
1.900000
1.900000
1.900000
1.850000
1.850000
1.850000
1.850000
1.850000
1.850000
1.850000
1.850000
1.850000
1.850000
1.850000
1.850000
1.800000
1.800000
1.800000
1.800000
1.800000
1.800000
1.800000
1.800000
1.750000
1.750000
1.750000
1.750000
1.750000
1.750000
1.800000
1.800000
1.800000
1.800000
1.800000
1.800000
1.800000
1.800000
1.800000
1.800000
1.800000
1.800000
1.800000
1.800000
1.800000
1.800000
1.800000
1.800000
1.800000
1.800000
1.800000
1.800000
1.800000
1.800000
1.800000
1.800000
1.800000
1.800000
1.850000
1.800000
1.800000
1.800000
1.800000
1.800000
1.800000
1.800000
1.800000
1.750000
1.750000
1.750000
1.750000
1.650000
1.650000
1.650000
1.650000
1.650000
1.650000
1.650000
1.650000
1.650000
1.600000
1.600000
1.600000
1.600000
1.600000
1.600000
1.600000
1.600000
1.600000
1.650000
1.650000
1.650000
1.700000
1.700000
1.700000
1.700000
1.700000
1.650000
1.650000
1.650000
1.700000
1.700000
1.700000
1.700000
1.700000
1.700000
1.700000
1.700000
1.700000
1.700000
1.700000
1.700000
1.750000
1.800000
1.850000
1.850000
1.850000
1.850000
1.850000
1.850000
1.900000
1.900000
1.900000
1.950000
1.950000
2.000000
2.000000
2.000000
2.000000
2.000000
2.000000
1.950000
2.000000
2.000000
2.000000
1.950000
1.950000
1.950000
1.950000
1.950000
1.900000
1.900000
1.850000
1.900000
1.900000
1.900000
1.900000
1.900000
1.900000
1.900000
1.850000
1.850000
1.900000
1.900000
1.850000
1.850000
1.850000
1.850000
1.850000
1.800000
1.750000
1.750000
1.750000
1.750000
1.750000
1.750000
1.750000
1.750000
1.750000
1.750000
1.750000
1.750000
1.700000
1.700000
1.700000
1.700000
1.700000
1.700000
1.700000
1.700000
1.700000
1.650000
1.650000
1.650000
1.600000
1.600000
1.600000
1.600000
1.600000
1.600000
1.600000
1.600000
1.650000
1.650000
1.650000
1.650000
1.650000
1.650000
1.650000
1.650000
1.650000
1.650000
1.600000
1.600000
1.600000
1.650000
1.650000
1.650000
1.650000
1.650000
1.650000
1.650000
1.650000
1.650000
1.650000
1.650000
1.650000
1.650000
1.650000
1.650000
1.650000
1.650000
1.650000
1.650000
1.650000
1.650000
1.650000
1.700000
1.750000
1.750000
1.750000
1.750000
1.750000
1.750000
1.750000
1.750000
1.750000
1.750000
1.750000
1.750000
1.750000
1.800000
1.800000
1.750000
1.750000
1.750000
1.750000
1.750000
1.750000
1.750000
1.750000
1.750000
1.750000
1.750000
1.750000
1.750000
1.750000
1.700000
1.750000
1.800000
1.850000
1.900000
1.900000
1.900000
1.950000
1.950000
1.950000
1.950000
1.900000
1.900000
1.900000
1.900000
1.900000
1.900000
1.900000
1.850000
1.850000
1.850000
1.850000
1.850000
1.850000
1.850000
1.850000
1.850000
1.850000
1.850000
1.900000
1.900000
1.900000
1.850000
1.850000
1.850000
1.850000
1.850000
1.850000
1.850000
1.850000
1.850000
1.850000
1.850000
1.850000
1.850000
1.850000
1.850000
1.900000
1.900000
1.900000
1.900000
1.900000
1.900000
1.900000
1.900000
1.900000
1.900000
1.900000
1.900000
1.900000
1.900000
1.900000
1.900000
1.900000
1.900000
1.900000
1.900000
1.900000
1.900000
1.900000
1.900000
1.900000
1.900000
1.900000
1.900000
1.900000
1.900000
1.900000
1.900000
1.900000
1.900000
1.900000
1.900000
1.900000
1.900000
1.900000
1.900000
1.900000
1.850000
1.850000
1.850000
1.850000
1.850000
1.850000
1.800000
1.750000
1.750000
1.750000
1.750000
1.750000
1.750000
1.700000
1.750000
1.750000
1.750000
1.700000
1.700000
1.700000
1.700000
1.700000
1.700000
1.750000
1.750000
1.750000
1.750000
1.750000
1.750000
1.750000
1.750000
1.750000
1.700000
1.700000
1.700000
1.700000
1.750000
1.750000
1.750000
1.750000
1.750000
1.750000
1.750000
1.750000
1.800000
1.800000
1.800000
1.800000
1.800000
1.800000
1.800000
1.800000
1.800000
1.750000
1.750000
1.650000
1.650000
1.650000
1.650000
1.650000
1.650000
1.650000
1.650000
1.650000
1.650000
1.650000
1.650000
1.650000
1.650000
1.650000
1.650000
1.650000
1.650000
1.650000
1.650000
1.650000
1.650000
1.650000
1.650000
1.650000
1.650000
1.700000
1.700000
1.700000
1.700000
1.700000
1.650000
1.650000
1.650000
1.700000
1.700000
1.700000
1.700000
1.700000
1.700000
1.700000
1.700000
1.700000
1.700000
1.750000
1.750000
1.750000
1.750000
1.800000
1.800000
1.800000
1.800000
1.800000
1.800000
1.800000
1.800000
1.800000
1.800000
1.800000
1.800000
1.800000
1.800000
1.800000
1.800000
1.800000
1.800000
1.850000
1.850000
1.850000
1.850000
1.850000
1.850000
1.850000
1.800000
1.800000
1.800000
1.800000
1.800000
1.750000
1.750000
1.750000
1.750000
1.750000
1.750000
1.750000
1.750000
1.800000
1.850000
1.850000
1.850000
1.850000
1.850000
1.850000
1.850000
1.850000
1.800000
1.800000
1.800000
1.800000
1.800000
1.800000
1.800000
1.800000
1.800000
1.800000
1.800000
1.800000
1.800000
1.800000
1.800000
1.800000
1.800000
1.800000
1.800000
1.800000
1.800000
1.800000
1.850000
1.850000
1.850000
1.850000
1.850000
1.800000
1.800000
1.800000
1.800000
1.800000
1.750000
1.750000
1.750000
1.750000
1.800000
1.800000
1.800000
1.800000
1.800000
1.800000
1.750000
1.750000
1.750000
1.750000
1.750000
1.750000
1.750000
1.750000
1.750000
1.800000
1.800000
1.800000
1.800000
1.800000
1.800000
1.800000
1.800000
1.800000
1.800000
1.800000
1.800000
1.800000
1.800000
1.800000
1.800000
1.800000
1.800000
1.800000
1.800000
1.800000
1.800000
1.800000
1.800000
1.800000
1.800000
1.800000
1.800000
1.800000
1.800000
1.800000
1.800000
1.800000
1.750000
1.750000
1.750000
1.750000
1.750000
1.750000
1.750000
1.750000
1.750000
1.750000
1.750000
1.750000
1.750000
1.750000
1.750000
1.750000
1.750000
1.750000
1.750000
1.750000
1.750000
1.750000
1.750000
1.750000
1.750000
1.750000
1.750000
1.750000
1.700000
1.700000
1.700000
1.700000
1.700000
1.750000
1.750000
1.750000
1.750000
1.750000
1.800000
1.800000
1.800000
1.800000
1.800000
1.800000
1.800000
1.800000
1.800000
1.800000
1.800000
1.800000
1.800000
1.800000
1.800000
1.800000
1.800000
1.800000
1.800000
1.800000
1.800000
1.800000
1.800000
1.800000
1.800000
1.850000
1.850000
1.850000
1.850000
1.850000
1.850000
1.850000
1.850000
1.850000
1.850000
1.800000
1.800000
1.800000
1.800000
1.800000
1.800000
1.800000
1.800000
1.800000
1.800000
1.800000
1.800000
1.800000
1.800000
1.750000
1.750000
1.750000
1.750000
1.750000
1.750000
1.750000
1.750000
1.750000
1.750000
1.750000
1.750000
1.800000
1.800000
1.800000
1.800000
1.800000
1.800000
1.800000
1.800000
1.800000
1.800000
1.800000
1.800000
1.800000
1.800000
1.800000
1.800000
1.800000
1.800000
1.800000
1.850000
1.850000
1.850000
1.850000
1.850000
1.850000
1.850000
1.850000
1.850000
1.850000
1.850000
1.850000
1.850000
1.850000
1.850000
1.850000
1.850000
1.850000
1.850000
1.850000
1.850000
1.850000
1.850000
1.850000
1.850000
1.850000
1.850000
1.850000
1.850000
1.850000
1.850000
1.850000
1.850000
1.850000
1.850000
1.800000
1.750000
1.800000
1.800000
1.800000
1.800000
1.800000
1.800000
1.800000
1.850000
1.850000
1.850000
1.850000
1.850000
1.850000
1.850000
1.850000
1.850000
1.850000
1.850000
1.850000
1.850000
1.850000
1.850000
1.850000
1.850000
1.850000
1.850000
1.850000
1.850000
1.850000
1.850000
1.850000
1.850000
1.850000
1.850000
1.850000
1.850000
1.850000
1.850000
1.850000
1.850000
1.850000
1.850000
1.850000
1.850000
1.850000
1.850000
1.850000
1.850000
1.850000
1.850000
1.850000
1.850000
1.850000
1.850000
1.850000
1.850000
1.850000
1.850000
1.850000
1.850000
1.850000
1.850000
1.850000
1.850000
1.850000
1.850000
1.850000
1.850000
1.800000
1.800000
1.800000
1.800000
1.800000
1.850000
1.850000
1.850000
1.850000
1.850000
1.850000
1.850000
1.850000
1.850000
1.850000
1.850000
1.850000
1.850000
1.850000
1.850000
1.850000
1.850000
1.850000
1.850000
1.850000
1.850000
1.850000
1.850000
1.850000
1.850000
1.850000
1.850000
1.850000
1.850000
1.850000
1.850000
1.850000
1.850000
1.850000
1.850000
1.850000
1.850000
1.850000
1.850000
1.850000
1.900000
1.900000
1.900000
1.900000
1.900000
1.900000
1.900000
1.900000
1.900000
1.900000
1.900000
1.900000
1.900000
1.900000
1.900000
1.900000
1.950000
1.950000
1.950000
1.950000
1.950000
1.950000
1.950000
1.950000
1.950000
1.950000
1.950000
1.900000
1.900000
1.900000
1.900000
1.900000
1.900000
1.900000
1.900000
1.900000
1.900000
1.900000
1.900000
1.900000
1.900000
1.900000
1.900000
1.900000
1.900000
1.900000
1.900000
1.900000
1.900000
1.900000
1.900000
1.900000
1.900000
1.900000
1.900000
1.900000
1.900000
1.900000
1.950000
1.950000
1.950000
1.950000
1.950000
2.000000
1.950000
1.950000
1.950000
1.950000
1.950000
1.950000
1.950000
1.900000
1.900000
1.900000
1.850000
1.850000
1.850000
1.850000
1.850000
1.850000
1.850000
1.850000
1.900000
1.900000
1.900000
1.850000
1.850000
1.850000
1.850000
1.850000
1.850000
1.850000
1.850000
1.850000
1.850000
1.850000
1.850000
1.850000
1.850000
1.850000
1.850000
1.850000
1.850000
1.850000
1.850000
1.850000
1.850000
1.850000
1.850000
1.850000
1.850000
1.850000
1.850000
1.850000
1.850000
1.850000
1.850000
1.800000
1.800000
1.800000
1.800000
1.800000
1.800000
1.800000
1.800000
1.800000
1.800000
1.800000
1.800000
1.800000
1.800000
1.800000
1.800000
1.800000
1.800000
1.800000
1.800000
1.800000
1.800000
1.800000
1.800000
1.800000
1.800000
1.800000
1.750000
1.750000
1.750000
1.750000
1.750000
1.750000
1.750000
1.750000
1.750000
1.750000
1.750000
1.750000
1.750000
1.750000
1.750000
1.750000
1.750000
1.800000
1.800000
1.800000
1.800000
1.800000
1.800000
1.800000
1.800000
1.800000
1.800000
1.800000
1.800000
1.800000
1.800000
1.800000
1.800000
1.800000
1.750000
1.750000
1.750000
1.750000
1.750000
1.750000
1.750000
1.750000
1.750000
1.750000
1.800000
1.800000
1.800000
1.800000
1.800000
1.800000
1.800000
1.800000
1.850000
1.850000
1.850000
1.850000
1.850000
1.850000
1.850000
1.850000
1.850000
1.900000
1.900000
1.900000
1.900000
1.900000
1.900000
1.900000
1.850000
1.850000
1.800000
1.800000
1.800000
1.800000
1.800000
1.800000
1.800000
1.800000
1.800000
1.800000
1.800000
1.800000
1.800000
1.800000
1.800000
1.800000
1.750000
1.750000
1.750000
1.750000
1.750000
1.750000
1.750000
1.750000
1.750000
1.750000
1.750000
1.750000
1.750000
1.750000
1.750000
1.750000
1.750000
1.750000
1.750000
1.750000
1.750000
1.750000
1.700000
1.700000
1.700000
1.700000
1.700000
1.700000
1.700000
1.700000
1.700000
1.700000
1.750000
1.750000
1.750000
1.750000
1.750000
1.750000
1.750000
1.750000
1.750000
1.750000
1.750000
1.750000
1.750000
1.800000
1.800000
1.850000
1.850000
1.850000
1.850000
1.850000
1.850000
1.850000
1.850000
1.850000
1.850000
1.850000
1.850000
1.850000
1.850000
1.850000
1.850000
1.800000
1.800000
1.800000
1.800000
1.800000
1.800000
1.800000
1.800000
1.800000
1.800000
1.750000
1.750000
1.750000
1.750000
1.750000
1.750000
1.750000
1.700000
1.700000
1.700000
1.700000
1.700000
1.700000
1.700000
1.700000
1.700000
1.700000
1.700000
1.700000
1.700000
1.700000
1.700000
1.700000
1.700000
1.700000
1.700000
1.700000
1.700000
1.700000
1.700000
1.700000
1.700000
1.700000
1.700000
1.700000
1.700000
1.700000
1.700000
1.700000
1.700000
1.700000
1.700000
1.700000
1.700000
1.700000
1.700000
1.700000
1.700000
1.700000
1.700000
1.700000
1.700000
1.700000
1.700000
1.700000
1.650000
1.650000
1.650000
1.650000
1.650000
1.650000
1.650000
1.650000
1.650000
1.650000
1.650000
1.650000
1.650000
1.650000
1.650000
1.650000
1.650000
1.650000
1.650000
1.650000
1.650000
1.650000
1.650000
1.650000
1.650000
1.650000
1.650000
1.650000
1.650000
1.650000
1.650000
1.650000
1.650000
1.650000
1.650000
1.650000
1.650000
1.650000
1.650000
1.650000
1.650000
1.650000
1.650000
1.650000
1.650000
1.650000
1.600000
1.600000
1.600000
1.600000
1.600000
1.600000
1.600000
1.600000
1.600000
1.600000
1.600000
1.600000
1.600000
1.600000
1.600000
1.600000
1.600000
1.600000
1.600000
1.600000
1.600000
1.600000
1.600000
1.600000
1.600000
1.600000
1.600000
1.600000
1.600000
1.600000
1.600000
1.600000
1.600000
1.600000
1.600000
1.600000
1.600000
1.600000
1.600000
1.600000
1.600000
1.600000
1.600000
1.600000
1.600000
1.600000
1.600000
1.600000
1.600000
1.600000
1.600000
1.600000
1.600000
1.600000
1.600000
1.600000
1.600000
1.600000
1.600000
1.600000
1.600000
1.600000
1.600000
1.600000
1.600000
1.600000
1.600000
1.600000
1.600000
1.600000
1.600000
1.600000
1.600000
1.600000
1.600000
1.600000
1.600000
1.600000
1.600000
1.600000
1.650000
1.650000
1.650000
1.650000
1.650000
1.650000
1.650000
1.650000
1.650000
1.650000
1.650000
1.650000
1.650000
1.650000
1.650000
1.650000
1.650000
1.650000
1.650000
1.650000
1.650000
1.650000
1.650000
1.650000
1.650000
1.650000
1.650000
1.650000
1.650000
1.650000
1.650000
1.650000
1.650000
1.650000
1.650000
1.650000
1.650000
1.650000
1.650000
1.600000
1.600000
1.600000
1.600000
1.600000
1.600000
1.600000
1.650000
1.650000
1.650000
1.650000
1.650000
1.650000
1.650000
1.600000
1.600000
1.600000
1.600000
1.600000
1.600000
1.600000
1.600000
1.600000
1.600000
1.600000
1.600000
1.600000
1.600000
1.600000
1.600000
1.600000
1.600000
1.600000
1.600000
1.600000
1.600000
1.600000
1.550000
1.550000
1.550000
1.550000
1.550000
1.500000
1.500000
1.500000
1.500000
1.500000
1.500000
1.500000
1.500000
1.500000
1.500000
1.500000
1.500000
1.500000
1.500000
1.500000
1.500000
1.500000
1.500000
1.500000
1.500000
1.500000
1.500000
1.500000
1.500000
1.500000
1.500000
1.500000
1.550000
1.550000
1.550000
1.550000
1.550000
1.550000
1.550000
1.550000
1.550000
1.550000
1.550000
1.550000
1.500000
1.500000
1.500000
1.500000
1.500000
1.500000
1.500000
1.500000
1.500000
1.500000
1.500000
1.500000
1.500000
1.500000
1.500000
1.500000
1.500000
1.500000
1.500000
1.500000
1.500000
1.500000
1.500000
1.500000
1.500000
1.500000
1.450000
1.450000
1.450000
1.450000
1.450000
1.450000
1.450000
1.450000
1.450000
1.450000
1.450000
1.450000
1.450000
1.450000
1.450000
1.450000
1.450000
1.450000
1.450000
1.450000
1.450000
1.450000
1.450000
1.450000
1.450000
1.500000
1.500000
1.500000
1.500000
1.500000
1.500000
1.500000
1.500000
1.500000
1.500000
1.500000
1.500000
1.500000
1.500000
1.500000
1.500000
1.500000
1.500000
1.500000
1.500000
1.500000
1.500000
1.500000
1.450000
1.450000
1.450000
1.450000
1.450000
1.450000
1.450000
1.450000
1.450000
1.450000
1.450000
1.450000
1.450000
1.450000
1.450000
1.400000
1.400000
1.400000
1.400000
1.400000
1.400000
1.400000
1.400000
1.450000
1.400000
1.400000
1.400000
1.400000
1.400000
1.400000
1.400000
1.400000
1.400000
1.400000
1.400000
1.400000
1.400000
1.400000
1.400000
1.400000
1.400000
1.400000
1.400000
1.400000
1.400000
1.400000
1.400000
1.450000
1.450000
1.450000
1.450000
1.450000
1.450000
1.450000
1.450000
1.450000
1.450000
1.500000
1.500000
1.500000
1.500000
1.500000
1.500000
1.450000
1.450000
1.450000
1.450000
1.450000
1.450000
1.450000
1.450000
1.450000
1.450000
1.450000
1.450000
1.450000
1.450000
1.450000
1.450000
1.450000
1.450000
1.450000
1.450000
1.450000
1.450000
1.450000
1.450000
1.450000
1.450000
1.450000
1.450000
1.450000
1.450000
1.450000
1.450000
1.450000
1.450000
1.450000
1.450000
1.450000
1.450000
1.450000
1.450000
1.450000
1.450000
1.450000
1.450000
1.450000
1.450000
1.450000
1.450000
1.450000
1.450000
1.450000
1.450000
1.450000
1.450000
1.450000
1.450000
1.450000
1.450000
1.450000
1.450000
1.450000
1.450000
1.450000
1.450000
1.450000
1.350000
1.350000
1.350000
1.350000
1.350000
1.350000
1.350000
1.400000
1.400000
1.400000
1.400000
1.400000
1.400000
1.400000
1.400000
1.400000
1.400000
1.450000
1.450000
1.450000
1.450000
1.450000
1.450000
1.450000
1.450000
1.450000
1.450000
1.450000
1.450000
1.450000
1.450000
1.450000
1.450000
1.450000
1.450000
1.450000
1.450000
1.450000
1.450000
1.450000
1.450000
1.450000
1.450000
1.450000
1.450000
1.450000
1.450000
1.450000
1.450000
1.450000
1.450000
1.450000
1.450000
1.450000
1.450000
1.450000
1.450000
1.450000
1.450000
1.450000
1.400000
1.400000
1.400000
1.400000
1.400000
1.400000
1.400000
1.400000
1.400000
1.400000
1.400000
1.500000
1.500000
1.500000
1.500000
1.500000
1.500000
1.500000
1.500000
1.500000
1.500000
1.500000
1.500000
1.500000
1.550000
1.550000
1.550000
1.550000
1.550000
1.550000
1.550000
1.550000
1.550000
1.550000
1.550000
1.550000
1.550000
1.550000
1.500000
1.500000
1.500000
1.500000
1.450000
1.450000
1.450000
1.450000
1.450000
1.450000
1.450000
1.450000
1.450000
1.450000
1.450000
1.450000
1.500000
1.500000
1.500000
1.450000
1.450000
1.450000
1.450000
1.450000
1.450000
1.450000
1.450000
1.450000
1.450000
1.450000
1.450000
1.450000
1.450000
1.450000
1.450000
1.450000
1.450000
1.450000
1.450000
1.450000
1.450000
1.450000
1.450000
1.450000
1.450000
1.450000
1.450000
1.450000
1.450000
1.450000
1.450000
1.450000
1.450000
1.450000
1.450000
1.450000
1.450000
1.450000
1.450000
1.450000
1.450000
1.450000
1.450000
1.450000
1.450000
1.450000
1.450000
1.450000
1.450000
1.450000
1.450000
1.450000
1.450000
1.450000
1.450000
1.450000
1.450000
1.450000
1.450000
1.450000
1.450000
1.450000
1.450000
1.450000
1.450000
1.450000
1.450000
1.450000
1.450000
1.450000
1.450000
1.450000
1.450000
1.450000
1.400000
1.400000
1.400000
1.450000
1.450000
1.450000
1.450000
1.450000
1.450000
1.450000
1.450000
1.450000
1.450000
1.450000
1.450000
1.450000
1.450000
1.450000
1.450000
1.450000
1.450000
1.450000
1.450000
1.450000
1.450000
1.450000
1.450000
1.450000
1.450000
1.450000
1.450000
1.450000
1.500000
1.500000
1.500000
1.500000
1.500000
1.500000
1.500000
1.500000
1.500000
1.500000
1.500000
1.500000
1.500000
1.550000
1.550000
1.550000
1.550000
1.550000
1.550000
1.550000
1.550000
1.550000
1.550000
1.550000
1.600000
1.600000
1.600000
1.600000
1.600000
1.600000
1.600000
1.600000
1.650000
1.650000
1.650000
1.600000
1.600000
1.600000
1.550000
1.550000
1.550000
1.550000
1.550000
1.550000
1.500000
1.500000
1.500000
1.500000
1.500000
1.450000
1.450000
1.400000
1.400000
1.400000
1.400000
1.400000
1.400000
1.400000
1.400000
1.400000
1.450000
1.450000
1.450000
1.450000
1.500000
1.500000
1.500000
1.500000
1.500000
1.500000
1.500000
1.500000
1.500000
1.500000
1.500000
1.500000
1.500000
1.500000
1.500000
1.500000
1.500000
1.500000
1.500000
1.500000
1.500000
1.450000
1.450000
1.450000
1.450000
1.450000
1.450000
1.450000
1.450000
1.500000
1.500000
1.500000
1.500000
1.500000
1.500000
1.500000
1.500000
1.500000
1.500000
1.500000
1.500000
1.500000
1.500000
1.500000
1.500000
1.500000
1.500000
1.500000
1.500000
1.500000
1.500000
1.450000
1.450000
1.450000
1.450000
1.450000
1.450000
1.450000
1.450000
1.450000
1.450000
1.450000
1.450000
1.450000
1.450000
1.450000
1.450000
1.450000
1.450000
1.450000
1.450000
1.450000
1.450000
1.450000
1.450000
1.450000
1.450000
1.450000
1.450000
1.450000
1.450000
1.450000
1.450000
1.450000
1.450000
1.450000
1.450000
1.450000
1.450000
1.450000
1.450000
1.450000
1.450000
1.450000
1.450000
1.450000
1.450000
1.450000
1.450000
1.450000
1.450000
1.450000
1.450000
1.450000
1.450000
1.500000
1.500000
1.500000
1.500000
1.500000
1.500000
1.500000
1.500000
1.500000
1.500000
1.500000
1.500000
1.500000
1.500000
1.500000
1.500000
1.500000
1.500000
1.500000
1.500000
1.500000
1.500000
1.500000
1.500000
1.500000
1.500000
1.500000
1.500000
1.500000
1.500000
1.500000
1.500000
1.550000
1.550000
1.550000
1.550000
1.550000
1.550000
1.550000
1.550000
1.550000
1.550000
1.550000
1.550000
1.550000
1.550000
1.550000
1.500000
1.500000
1.500000
1.500000
1.500000
1.500000
1.500000
1.500000
1.500000
1.500000
1.500000
1.500000
1.500000
1.500000
1.500000
1.500000
1.500000
1.500000
1.500000
1.500000
1.550000
1.550000
1.550000
1.550000
1.550000
1.550000
1.550000
1.550000
1.550000
1.550000
1.550000
1.550000
1.550000
1.550000
1.550000
1.550000
1.550000
1.550000
1.550000
1.550000
1.550000
1.550000
1.550000
1.550000
1.550000
1.550000
1.550000
1.550000
1.550000
1.550000
1.550000
1.550000
1.550000
1.550000
1.600000
1.600000
1.600000
1.600000
1.600000
1.600000
1.600000
1.600000
1.600000
1.600000
1.600000
1.600000
1.600000
1.600000
1.600000
1.600000
1.600000
1.600000
1.600000
1.600000
1.600000
1.600000
1.600000
1.600000
1.600000
1.600000
1.600000
1.600000
1.600000
1.600000
1.600000
1.600000
1.600000
1.600000
1.600000
1.600000
1.600000
1.600000
1.600000
1.600000
1.600000
1.600000
1.600000
1.600000
1.600000
1.550000
1.550000
1.550000
1.550000
1.550000
1.550000
1.550000
1.550000
1.550000
1.550000
1.550000
1.550000
1.550000
1.550000
1.550000
1.550000
1.550000
1.550000
1.550000
1.550000
1.550000
1.550000
1.550000
1.550000
1.550000
1.550000
1.550000
1.550000
1.550000
1.550000
1.550000
1.550000
1.550000
1.550000
1.550000
1.550000
1.550000
1.550000
1.550000
1.550000
1.550000
1.550000
1.550000
1.550000
1.550000
1.550000
1.550000
1.550000
1.550000
1.550000
1.550000
1.550000
1.550000
1.550000
1.550000
1.550000
1.550000
1.550000
1.550000
1.550000
1.550000
1.550000
1.550000
1.550000
1.550000
1.550000
1.550000
1.550000
1.550000
1.550000
1.550000
1.550000
1.550000
1.550000
1.550000
1.550000
1.550000
1.550000
1.550000
1.550000
1.550000
1.550000
1.550000
1.550000
1.550000
1.550000
1.550000
1.550000
1.550000
1.550000
1.550000
1.550000
1.550000
1.550000
1.550000
1.550000
1.550000
1.550000
1.550000
1.550000
1.550000
1.550000
1.550000
1.550000
1.550000
1.550000
1.550000
1.550000
1.550000
1.550000
1.550000
1.550000
1.550000
1.550000
1.550000
1.550000
1.550000
1.550000
1.550000
1.550000
1.550000
1.550000
1.550000
1.550000
1.550000
1.550000
1.550000
1.550000
1.550000
1.550000
1.550000
1.550000
1.550000
1.550000
1.550000
1.550000
1.550000
1.550000
1.550000
1.550000
1.550000
1.550000
1.550000
1.550000
1.550000
1.550000
1.550000
1.550000
1.550000
1.550000
1.550000
1.550000
1.550000
1.550000
1.550000
1.550000
1.550000
1.550000
1.550000
1.550000
1.550000
1.550000
1.550000
1.550000
1.550000
1.550000
1.550000
1.550000
1.550000
1.600000
1.600000
1.600000
1.600000
1.600000
1.600000
1.600000
1.600000
1.600000
1.600000
1.600000
1.600000
1.600000
1.600000
1.600000
1.600000
1.600000
1.600000
1.600000
1.600000
1.600000
1.600000
1.600000
1.600000
1.600000
1.600000
1.600000
1.600000
1.600000
1.600000
1.600000
1.600000
1.600000
1.600000
1.600000
1.600000
1.600000
1.600000
1.600000
1.600000
1.550000
1.550000
1.550000
1.550000
1.550000
1.550000
1.550000
1.550000
1.550000
1.550000
1.550000
1.550000
1.550000
1.550000
1.550000
1.550000
1.550000
1.550000
1.550000
1.550000
1.550000
1.550000
1.550000
1.550000
1.550000
1.550000
1.550000
1.550000
1.550000
1.550000
1.550000
1.550000
1.550000
1.550000
1.550000
1.550000
1.550000
1.550000
1.550000
1.550000
1.550000
1.550000
1.550000
1.550000
1.550000
1.550000
1.550000
1.550000
1.550000
1.550000
1.550000
1.550000
1.550000
1.550000
1.550000
1.550000
1.550000
1.550000
1.550000
1.550000
1.550000
1.550000
1.550000
1.550000
1.550000
1.550000
1.550000
1.550000
1.550000
1.550000
1.550000
1.550000
1.550000
1.550000
1.600000
1.600000
1.600000
1.600000
1.600000
1.600000
1.600000
1.600000
1.600000
1.600000
1.550000
1.550000
1.550000
1.550000
1.550000
1.550000
1.550000
1.550000
1.550000
1.550000
1.550000
1.550000
1.550000
1.550000
1.550000
1.550000
1.600000
1.600000
1.600000
1.600000
1.600000
1.600000
1.600000
1.600000
1.600000
1.600000
1.600000
1.600000
1.600000
1.600000
1.600000
1.600000
1.600000
1.600000
1.600000
1.550000
1.550000
1.550000
1.550000
1.550000
1.550000
1.550000
1.550000
1.550000
1.550000
1.550000
1.550000
1.550000
1.550000
1.550000
1.550000
1.550000
1.550000
1.550000
1.550000
1.550000
1.550000
1.550000
1.550000
1.550000
1.550000
1.550000
1.550000
1.550000
1.550000
1.550000
1.550000
1.550000
1.550000
1.550000
1.550000
1.550000
1.550000
1.550000
1.550000
1.550000
1.550000
1.550000
1.550000
1.550000
1.550000
1.550000
1.550000
1.550000
1.550000
1.550000
1.550000
1.550000
1.550000
1.550000
1.550000
1.550000
1.550000
1.550000
1.550000
1.550000
1.550000
1.550000
1.550000
1.550000
1.550000
1.550000
1.550000
1.550000
1.550000
1.550000
1.550000
1.550000
1.550000
1.550000
1.550000
1.550000
1.550000
1.550000
1.550000
1.550000
1.550000
1.550000
1.550000
1.550000
1.550000
1.550000
1.550000
1.550000
1.550000
1.550000
1.550000
1.550000
1.550000
1.550000
1.550000
1.550000
1.550000
1.550000
1.550000
1.550000
1.550000
1.550000
1.550000
1.550000
1.550000
1.550000
1.550000
1.550000
1.550000
1.550000
1.550000
1.550000
1.550000
1.550000
1.550000
1.550000
1.550000
1.550000
1.550000
1.550000
1.550000
1.550000
1.550000
1.550000
1.550000
1.550000
1.550000
1.550000
1.550000
1.550000
1.550000
1.550000
1.550000
1.550000
1.550000
1.550000
1.550000
1.550000
1.550000
1.550000
