0.000000
0.000000
0.000000
0.000000
0.000000
0.000000
0.000000
0.000000
0.000000
0.000000
0.000000
0.000000
0.000000
0.000000
0.000000
0.000000
0.000000
0.000000
0.000000
0.000000
0.000000
0.000000
0.000000
0.000000
0.000000
0.000000
0.000000
0.000000
0.000000
0.000000
0.000000
0.000000
0.000000
0.000000
0.000000
0.000000
0.000000
0.000000
0.000000
0.000000
0.000000
0.000000
0.000000
0.000000
0.000000
0.000000
0.000000
0.000000
0.000000
0.000000
0.000000
0.000000
0.000000
0.000000
0.000000
0.000000
0.000000
0.000000
0.000000
0.000000
0.000000
0.000000
0.000000
0.000000
0.000000
0.000000
0.000000
0.000000
0.000000
0.000000
0.000000
0.000000
0.000000
0.000000
0.000000
0.000000
0.000000
0.000000
0.000000
0.000000
0.000000
0.000000
0.000000
0.000000
0.000000
0.000000
0.000000
0.000000
0.000000
0.000000
0.000000
0.000000
0.000000
0.000000
0.000000
0.000000
0.000000
0.000000
0.000000
0.000000
0.000000
0.000000
0.000000
0.000000
0.000000
0.000000
0.000000
0.000000
0.000000
0.000000
0.000000
0.000000
0.000000
0.000000
0.000000
0.000000
0.000000
0.000000
0.000000
0.000000
0.000000
0.000000
0.000000
0.000000
0.000000
0.000000
0.000000
0.000000
0.000000
0.000000
0.000000
0.000000
0.000000
0.000000
0.000000
0.000000
0.000000
0.000000
0.000000
0.000000
0.000000
0.000000
0.000000
0.000000
0.000000
0.000000
0.000000
0.000000
0.000000
0.000000
0.002000
0.000000
0.000000
0.000000
0.000000
0.000000
0.000000
0.000000
0.000000
0.000000
0.000000
0.000000
0.000000
0.000000
0.000000
0.000000
0.000000
0.000000
0.000000
0.000000
0.000000
0.000000
0.000000
0.000000
0.000000
0.000000
0.000000
0.000000
0.000000
0.000000
0.004000
0.002000
0.002000
0.000000
0.000000
0.000000
0.000000
0.000000
0.000000
0.000000
0.000000
0.000000
0.000000
0.000000
0.000000
0.000000
0.000000
0.000000
0.000000
0.000000
0.000000
0.000000
0.000000
0.000000
0.000000
0.000000
0.000000
0.000000
0.000000
0.000000
0.018000
0.006000
0.000000
0.000000
0.000000
0.002000
0.000000
0.000000
0.000000
0.000000
0.000000
0.000000
0.000000
0.000000
0.000000
0.000000
0.000000
0.000000
0.000000
0.000000
0.000000
0.000000
0.000000
0.000000
0.000000
0.000000
0.000000
0.000000
0.000000
0.000000
0.056000
0.026000
0.008000
0.014000
0.000000
0.002000
0.000000
0.000000
0.000000
0.000000
0.000000
0.000000
0.000000
0.000000
0.000000
0.000000
0.000000
0.000000
0.000000
0.000000
0.000000
0.000000
0.000000
0.000000
0.000000
0.000000
0.000000
0.000000
0.000000
0.000000
0.200000
0.118000
0.050000
0.016000
0.004000
0.006000
0.000000
0.000000
0.000000
0.000000
0.000000
0.000000
0.000000
0.000000
0.000000
0.000000
0.000000
0.000000
0.000000
0.000000
0.000000
0.000000
0.000000
0.000000
0.000000
0.000000
0.000000
0.000000
0.000000
0.000000
0.518000
0.284000
0.174000
0.088000
0.038000
0.016000
0.008000
0.008000
0.002000
0.000000
0.000000
0.000000
0.000000
0.000000
0.000000
0.000000
0.000000
0.000000
0.000000
0.000000
0.000000
0.000000
0.000000
0.000000
0.000000
0.000000
0.000000
0.000000
0.000000
0.000000
0.772000
0.594000
0.444000
0.250000
0.144000
0.110000
0.068000
0.022000
0.018000
0.000000
0.002000
0.000000
0.000000
0.000000
0.000000
0.000000
0.000000
0.000000
0.000000
0.000000
0.000000
0.000000
0.000000
0.000000
0.000000
0.000000
0.000000
0.000000
0.000000
0.000000
0.890000
0.816000
0.672000
0.502000
0.378000
0.254000
0.178000
0.132000
0.036000
0.020000
0.014000
0.002000
0.000000
0.000000
0.002000
0.000000
0.000000
0.000000
0.000000
0.000000
0.000000
0.000000
0.000000
0.000000
0.000000
0.000000
0.000000
0.000000
0.000000
0.000000
0.988000
0.932000
0.848000
0.736000
0.586000
0.474000
0.338000
0.192000
0.154000
0.094000
0.058000
0.032000
0.014000
0.004000
0.004000
0.004000
0.000000
0.000000
0.000000
0.000000
0.000000
0.000000
0.000000
0.000000
0.000000
0.000000
0.000000
0.000000
0.000000
0.000000
0.996000
0.974000
0.936000
0.904000
0.824000
0.710000
0.556000
0.450000
0.310000
0.254000
0.164000
0.088000
0.090000
0.036000
0.022000
0.008000
0.004000
0.006000
0.004000
0.000000
0.000000
0.000000
0.000000
0.000000
0.000000
0.000000
0.000000
0.000000
0.000000
0.000000
1.000000
0.998000
0.984000
0.956000
0.932000
0.822000
0.730000
0.660000
0.556000
0.408000
0.356000
0.214000
0.158000
0.078000
0.070000
0.034000
0.020000
0.002000
0.002000
0.000000
0.000000
0.000000
0.000000
0.000000
0.000000
0.000000
0.000000
0.000000
0.000000
0.000000
1.000000
0.998000
0.994000
0.988000
0.974000
0.924000
0.866000
0.800000
0.702000
0.602000
0.470000
0.384000
0.284000
0.198000
0.126000
0.100000
0.062000
0.038000
0.020000
0.012000
0.004000
0.002000
0.000000
0.000000
0.000000
0.000000
0.000000
0.000000
0.000000
0.000000
1.000000
1.000000
1.000000
0.994000
0.984000
0.982000
0.946000
0.902000
0.858000
0.766000
0.690000
0.572000
0.480000
0.344000
0.284000
0.176000
0.128000
0.088000
0.034000
0.028000
0.014000
0.012000
0.006000
0.002000
0.002000
0.000000
0.000000
0.000000
0.000000
0.000000
1.000000
1.000000
1.000000
1.000000
0.998000
0.990000
0.988000
0.948000
0.932000
0.880000
0.818000
0.712000
0.648000
0.534000
0.384000
0.326000
0.260000
0.164000
0.112000
0.066000
0.030000
0.034000
0.010000
0.008000
0.004000
0.000000
0.000000
0.000000
0.000000
0.000000
1.000000
1.000000
1.000000
1.000000
1.000000
0.998000
0.982000
0.988000
0.956000
0.948000
0.898000
0.838000
0.762000
0.684000
0.574000
0.464000
0.382000
0.320000
0.204000
0.144000
0.106000
0.058000
0.032000
0.014000
0.004000
0.004000
0.000000
0.000000
0.000000
0.000000
1.000000
1.000000
1.000000
1.000000
1.000000
1.000000
0.996000
0.996000
0.994000
0.978000
0.942000
0.922000
0.868000
0.818000
0.752000
0.640000
0.540000
0.440000
0.332000
0.252000
0.184000
0.116000
0.100000
0.048000
0.030000
0.012000
0.000000
0.000000
0.004000
0.000000
1.000000
1.000000
1.000000
1.000000
1.000000
1.000000
1.000000
0.996000
0.998000
0.994000
0.992000
0.960000
0.946000
0.880000
0.836000
0.782000
0.678000
0.578000
0.468000
0.380000
0.258000
0.202000
0.140000
0.078000
0.052000
0.024000
0.010000
0.004000
0.000000
0.000000
1.000000
1.000000
1.000000
1.000000
0.998000
1.000000
1.000000
1.000000
0.998000
0.998000
0.992000
0.974000
0.974000
0.942000
0.898000
0.880000
0.818000
0.732000
0.648000
0.522000
0.410000
0.336000
0.234000
0.194000
0.108000
0.086000
0.030000
0.008000
0.008000
0.000000
1.000000
1.000000
1.000000
1.000000
1.000000
1.000000
1.000000
0.998000
1.000000
1.000000
0.992000
0.992000
0.988000
0.972000
0.960000
0.940000
0.880000
0.830000
0.774000
0.690000
0.574000
0.488000
0.368000
0.260000
0.212000
0.114000
0.070000
0.026000
0.010000
0.000000
1.000000
1.000000
1.000000
1.000000
1.000000
1.000000
1.000000
1.000000
1.000000
1.000000
0.998000
0.998000
0.994000
0.992000
0.980000
0.958000
0.936000
0.910000
0.864000
0.784000
0.670000
0.606000
0.508000
0.408000
0.262000
0.178000
0.142000
0.052000
0.024000
0.000000
1.000000
1.000000
1.000000
1.000000
1.000000
1.000000
1.000000
1.000000
1.000000
1.000000
1.000000
1.000000
0.998000
0.992000
0.992000
0.988000
0.980000
0.940000
0.914000
0.852000
0.784000
0.716000
0.612000
0.562000
0.414000
0.266000
0.200000
0.116000
0.038000
0.000000
1.000000
1.000000
1.000000
1.000000
1.000000
1.000000
1.000000
1.000000
1.000000
1.000000
1.000000
1.000000
0.996000
0.994000
0.998000
0.992000
0.990000
0.950000
0.950000
0.926000
0.854000
0.806000
0.730000
0.618000
0.520000
0.422000
0.274000
0.198000
0.074000
0.000000
1.000000
1.000000
1.000000
1.000000
1.000000
1.000000
1.000000
1.000000
1.000000
1.000000
1.000000
1.000000
1.000000
1.000000
0.996000
0.998000
0.990000
0.982000
0.966000
0.950000
0.902000
0.882000
0.782000
0.690000
0.596000
0.506000
0.368000
0.252000
0.126000
0.000000
1.000000
1.000000
1.000000
1.000000
1.000000
1.000000
1.000000
1.000000
1.000000
1.000000
1.000000
1.000000
1.000000
1.000000
0.998000
0.996000
0.996000
0.996000
0.976000
0.976000
0.952000
0.884000
0.872000
0.798000
0.708000
0.618000
0.422000
0.284000
0.146000
0.000000
1.000000
1.000000
1.000000
1.000000
1.000000
1.000000
1.000000
1.000000
1.000000
1.000000
1.000000
1.000000
1.000000
1.000000
0.998000
1.000000
1.000000
0.998000
0.998000
0.982000
0.958000
0.938000
0.910000
0.846000
0.798000
0.664000
0.552000
0.398000
0.178000
0.000000
